l.p.: 1
xi:	  -8.000	  -7.667	  -7.333	  -7.000	  -6.667	  -6.333	  -6.000	  -5.667	  -5.333	  -5.000	  -4.667	  -4.333	  -4.000	  -3.667	  -3.333	  -3.000	  -2.667	  -2.333	  -2.000	  -1.667	  -1.333	  -1.000	  -0.667	  -0.333	   0.000	   0.333	   0.667	   1.000	   1.333	   1.667	   2.000	   2.333	   2.667	   3.000	   3.333	   3.667	   4.000	   4.333	   4.667	   5.000	   5.333	   5.667	   6.000	   6.333	   6.667	   7.000	   7.333	   7.667	   8.000	   8.333	   8.667	   9.000	   9.333	   9.667	  10.000
f(xi):	-480.000	-419.963	-365.037	-315.000	-269.630	-228.704	-192.000	-159.296	-130.370	-105.000	 -82.963	 -64.037	 -48.000	 -34.630	 -23.704	 -15.000	  -8.296	  -3.370	   0.000	   2.037	   2.963	   3.000	   2.370	   1.296	  -0.000	  -1.296	  -2.370	  -3.000	  -2.963	  -2.037	   0.000	   3.370	   8.296	  15.000	  23.704	  34.630	  48.000	  64.037	  82.963	 105.000	 130.370	 159.296	 192.000	 228.704	 269.630	 315.000	 365.037	 419.963	 480.000	 545.370	 616.296	 693.000	 775.704	 864.630	 960.000

l.p.: 2
xi:	 -10.000	  -9.667	  -9.333	  -9.000	  -8.667	  -8.333	  -8.000	  -7.667	  -7.333	  -7.000	  -6.667	  -6.333	  -6.000	  -5.667	  -5.333	  -5.000	  -4.667	  -4.333	  -4.000	  -3.667	  -3.333	  -3.000	  -2.667	  -2.333	  -2.000	  -1.667	  -1.333	  -1.000	  -0.667	  -0.333	   0.000	   0.333	   0.667	   1.000	   1.333	   1.667	   2.000	   2.333	   2.667	   3.000	   3.333	   3.667	   4.000	   4.333	   4.667	   5.000	   5.333	   5.667	   6.000	   6.333	   6.667	   7.000
f(xi):	-462.000	-388.741	-321.481	-260.000	-204.074	-153.481	-108.000	 -67.407	 -31.481	   0.000	  27.259	  50.519	  70.000	  85.926	  98.519	 108.000	 114.593	 118.519	 120.000	 119.259	 116.519	 112.000	 105.926	  98.519	  90.000	  80.593	  70.519	  60.000	  49.259	  38.519	  28.000	  17.926	   8.519	  -0.000	  -7.407	 -13.481	 -18.000	 -20.741	 -21.481	 -20.000	 -16.074	  -9.481	   0.000	  12.593	  28.519	  48.000	  71.259	  98.519	 130.000	 165.926	 206.519	 252.000

l.p.: 3
xi:	  -8.000	  -7.667	  -7.333	  -7.000	  -6.667	  -6.333	  -6.000	  -5.667	  -5.333	  -5.000	  -4.667	  -4.333	  -4.000	  -3.667	  -3.333	  -3.000	  -2.667	  -2.333	  -2.000	  -1.667	  -1.333	  -1.000	  -0.667	  -0.333	   0.000	   0.333	   0.667	   1.000	   1.333	   1.667	   2.000	   2.333	   2.667	   3.000	   3.333	   3.667	   4.000	   4.333	   4.667	   5.000	   5.333	   5.667	   6.000
f(xi):	-288.000	-242.407	-201.481	-165.000	-132.741	-104.481	 -80.000	 -59.074	 -41.481	 -27.000	 -15.407	  -6.481	   0.000	   4.259	   6.519	   7.000	   5.926	   3.519	  -0.000	  -4.407	  -9.481	 -15.000	 -20.741	 -26.481	 -32.000	 -37.074	 -41.481	 -45.000	 -47.407	 -48.481	 -48.000	 -45.741	 -41.481	 -35.000	 -26.074	 -14.481	   0.000	  17.593	  38.519	  63.000	  91.259	 123.519	 160.000

l.p.: 4
xi:	  -7.000	  -6.667	  -6.333	  -6.000	  -5.667	  -5.333	  -5.000	  -4.667	  -4.333	  -4.000	  -3.667	  -3.333	  -3.000	  -2.667	  -2.333	  -2.000	  -1.667	  -1.333	  -1.000	  -0.667	  -0.333	   0.000	   0.333	   0.667	   1.000	   1.333	   1.667	   2.000	   2.333	   2.667	   3.000	   3.333	   3.667	   4.000	   4.333	   4.667	   5.000	   5.333	   5.667	   6.000	   6.333	   6.667	   7.000
f(xi):	-120.000	 -91.296	 -66.370	 -45.000	 -26.963	 -12.037	   0.000	   9.370	  16.296	  21.000	  23.704	  24.630	  24.000	  22.037	  18.963	  15.000	  10.370	   5.296	  -0.000	  -5.296	 -10.370	 -15.000	 -18.963	 -22.037	 -24.000	 -24.630	 -23.704	 -21.000	 -16.296	  -9.370	   0.000	  12.037	  26.963	  45.000	  66.370	  91.296	 120.000	 152.704	 189.630	 231.000	 277.037	 327.963	 384.000

l.p.: 5
xi:	 -11.000	 -10.667	 -10.333	 -10.000	  -9.667	  -9.333	  -9.000	  -8.667	  -8.333	  -8.000	  -7.667	  -7.333	  -7.000	  -6.667	  -6.333	  -6.000	  -5.667	  -5.333	  -5.000	  -4.667	  -4.333	  -4.000	  -3.667	  -3.333	  -3.000	  -2.667	  -2.333	  -2.000	  -1.667	  -1.333	  -1.000	  -0.667	  -0.333	   0.000	   0.333	   0.667	   1.000	   1.333	   1.667	   2.000	   2.333	   2.667	   3.000	   3.333	   3.667	   4.000	   4.333	   4.667	   5.000	   5.333	   5.667	   6.000	   6.333	   6.667	   7.000	   7.333	   7.667	   8.000	   8.333	   8.667	   9.000	   9.333	   9.667	  10.000
f(xi):	-540.000	-455.407	-377.481	-306.000	-240.741	-181.481	-128.000	 -80.074	 -37.481	   0.000	  32.593	  60.519	  84.000	 103.259	 118.519	 130.000	 137.926	 142.519	 144.000	 142.593	 138.519	 132.000	 123.259	 112.519	 100.000	  85.926	  70.519	  54.000	  36.593	  18.519	  -0.000	 -18.741	 -37.481	 -56.000	 -74.074	 -91.481	-108.000	-123.407	-137.481	-150.000	-160.741	-169.481	-176.000	-180.074	-181.481	-180.000	-175.407	-167.481	-156.000	-140.741	-121.481	 -98.000	 -70.074	 -37.481	   0.000	  42.593	  90.519	 144.000	 203.259	 268.519	 340.000	 417.926	 502.519	 594.000

l.p.: 6
xi:	  -8.000	  -7.667	  -7.333	  -7.000	  -6.667	  -6.333	  -6.000	  -5.667	  -5.333	  -5.000	  -4.667	  -4.333	  -4.000	  -3.667	  -3.333	  -3.000	  -2.667	  -2.333	  -2.000	  -1.667	  -1.333	  -1.000	  -0.667	  -0.333	   0.000	   0.333	   0.667	   1.000	   1.333	   1.667	   2.000	   2.333	   2.667	   3.000	   3.333	   3.667	   4.000	   4.333	   4.667	   5.000	   5.333	   5.667	   6.000
f(xi):	-216.000	-176.296	-141.037	-110.000	 -82.963	 -59.704	 -40.000	 -23.630	 -10.370	   0.000	   7.704	  12.963	  16.000	  17.037	  16.296	  14.000	  10.370	   5.630	  -0.000	  -6.296	 -13.037	 -20.000	 -26.963	 -33.704	 -40.000	 -45.630	 -50.370	 -54.000	 -56.296	 -57.037	 -56.000	 -52.963	 -47.704	 -40.000	 -29.630	 -16.370	   0.000	  19.704	  42.963	  70.000	 101.037	 136.296	 176.000

l.p.: 7
xi:	  -7.000	  -6.667	  -6.333	  -6.000	  -5.667	  -5.333	  -5.000	  -4.667	  -4.333	  -4.000	  -3.667	  -3.333	  -3.000	  -2.667	  -2.333	  -2.000	  -1.667	  -1.333	  -1.000	  -0.667	  -0.333	   0.000	   0.333	   0.667	   1.000	   1.333	   1.667	   2.000	   2.333	   2.667	   3.000	   3.333	   3.667	   4.000	   4.333	   4.667	   5.000	   5.333	   5.667	   6.000
f(xi):	-360.000	-307.185	-259.259	-216.000	-177.185	-142.593	-112.000	 -85.185	 -61.926	 -42.000	 -25.185	 -11.259	   0.000	   8.815	  15.407	  20.000	  22.815	  24.074	  24.000	  22.815	  20.741	  18.000	  14.815	  11.407	   8.000	   4.815	   2.074	  -0.000	  -1.185	  -1.259	   0.000	   2.815	   7.407	  14.000	  22.815	  34.074	  48.000	  64.815	  84.741	 108.000

l.p.: 8
xi:	 -11.000	 -10.667	 -10.333	 -10.000	  -9.667	  -9.333	  -9.000	  -8.667	  -8.333	  -8.000	  -7.667	  -7.333	  -7.000	  -6.667	  -6.333	  -6.000	  -5.667	  -5.333	  -5.000	  -4.667	  -4.333	  -4.000	  -3.667	  -3.333	  -3.000	  -2.667	  -2.333	  -2.000	  -1.667	  -1.333	  -1.000	  -0.667	  -0.333	   0.000	   0.333	   0.667	   1.000	   1.333	   1.667	   2.000	   2.333	   2.667	   3.000	   3.333	   3.667	   4.000	   4.333	   4.667	   5.000	   5.333	   5.667	   6.000	   6.333	   6.667	   7.000	   7.333	   7.667	   8.000
f(xi):	-1428.000	-1296.296	-1172.370	-1056.000	-946.963	-845.037	-750.000	-661.630	-579.704	-504.000	-434.296	-370.370	-312.000	-258.963	-211.037	-168.000	-129.630	 -95.704	 -66.000	 -40.296	 -18.370	   0.000	  15.037	  26.963	  36.000	  42.370	  46.296	  48.000	  47.704	  45.630	  42.000	  37.037	  30.963	  24.000	  16.370	   8.296	  -0.000	  -8.296	 -16.370	 -24.000	 -30.963	 -37.037	 -42.000	 -45.630	 -47.704	 -48.000	 -46.296	 -42.370	 -36.000	 -26.963	 -15.037	   0.000	  18.370	  40.296	  66.000	  95.704	 129.630	 168.000

l.p.: 9
xi:	  -8.000	  -7.667	  -7.333	  -7.000	  -6.667	  -6.333	  -6.000	  -5.667	  -5.333	  -5.000	  -4.667	  -4.333	  -4.000	  -3.667	  -3.333	  -3.000	  -2.667	  -2.333	  -2.000	  -1.667	  -1.333	  -1.000	  -0.667	  -0.333	   0.000	   0.333	   0.667	   1.000	   1.333	   1.667	   2.000	   2.333	   2.667	   3.000	   3.333	   3.667	   4.000	   4.333	   4.667	   5.000	   5.333	   5.667	   6.000	   6.333	   6.667	   7.000	   7.333	   7.667	   8.000
f(xi):	-416.000	-356.074	-301.481	-252.000	-207.407	-167.481	-132.000	-100.741	 -73.481	 -50.000	 -30.074	 -13.481	   0.000	  10.593	  18.519	  24.000	  27.259	  28.519	  28.000	  25.926	  22.519	  18.000	  12.593	   6.519	  -0.000	  -6.741	 -13.481	 -20.000	 -26.074	 -31.481	 -36.000	 -39.407	 -41.481	 -42.000	 -40.741	 -37.481	 -32.000	 -24.074	 -13.481	   0.000	  16.593	  36.519	  60.000	  87.259	 118.519	 154.000	 193.926	 238.519	 288.000

l.p.: 10
xi:	  -9.000	  -8.667	  -8.333	  -8.000	  -7.667	  -7.333	  -7.000	  -6.667	  -6.333	  -6.000	  -5.667	  -5.333	  -5.000	  -4.667	  -4.333	  -4.000	  -3.667	  -3.333	  -3.000	  -2.667	  -2.333	  -2.000	  -1.667	  -1.333	  -1.000	  -0.667	  -0.333	   0.000	   0.333	   0.667	   1.000	   1.333	   1.667	   2.000	   2.333	   2.667	   3.000	   3.333	   3.667	   4.000	   4.333	   4.667	   5.000	   5.333	   5.667	   6.000	   6.333	   6.667	   7.000	   7.333	   7.667	   8.000
f(xi):	-540.000	-474.741	-414.815	-360.000	-310.074	-264.815	-224.000	-187.407	-154.815	-126.000	-100.741	 -78.815	 -60.000	 -44.074	 -30.815	 -20.000	 -11.407	  -4.815	   0.000	   3.259	   5.185	   6.000	   5.926	   5.185	   4.000	   2.593	   1.185	  -0.000	  -0.741	  -0.815	   0.000	   1.926	   5.185	  10.000	  16.593	  25.185	  36.000	  49.259	  65.185	  84.000	 105.926	 131.185	 160.000	 192.593	 229.185	 270.000	 315.259	 365.185	 420.000	 479.926	 545.185	 616.000

l.p.: 11
xi:	  -9.000	  -8.667	  -8.333	  -8.000	  -7.667	  -7.333	  -7.000	  -6.667	  -6.333	  -6.000	  -5.667	  -5.333	  -5.000	  -4.667	  -4.333	  -4.000	  -3.667	  -3.333	  -3.000	  -2.667	  -2.333	  -2.000	  -1.667	  -1.333	  -1.000	  -0.667	  -0.333	   0.000	   0.333	   0.667	   1.000	   1.333	   1.667	   2.000	   2.333	   2.667	   3.000	   3.333	   3.667	   4.000	   4.333	   4.667	   5.000	   5.333	   5.667	   6.000	   6.333	   6.667	   7.000	   7.333	   7.667	   8.000
f(xi):	-490.000	-425.185	-365.926	-312.000	-263.185	-219.259	-180.000	-145.185	-114.593	 -88.000	 -65.185	 -45.926	 -30.000	 -17.185	  -7.259	   0.000	   4.815	   7.407	   8.000	   6.815	   4.074	  -0.000	  -5.185	 -11.259	 -18.000	 -25.185	 -32.593	 -40.000	 -47.185	 -53.926	 -60.000	 -65.185	 -69.259	 -72.000	 -73.185	 -72.593	 -70.000	 -65.185	 -57.926	 -48.000	 -35.185	 -19.259	   0.000	  22.815	  49.407	  80.000	 114.815	 154.074	 198.000	 246.815	 300.741	 360.000

l.p.: 12
xi:	 -10.000	  -9.667	  -9.333	  -9.000	  -8.667	  -8.333	  -8.000	  -7.667	  -7.333	  -7.000	  -6.667	  -6.333	  -6.000	  -5.667	  -5.333	  -5.000	  -4.667	  -4.333	  -4.000	  -3.667	  -3.333	  -3.000	  -2.667	  -2.333	  -2.000	  -1.667	  -1.333	  -1.000	  -0.667	  -0.333	   0.000	   0.333	   0.667	   1.000	   1.333	   1.667	   2.000	   2.333	   2.667	   3.000	   3.333	   3.667	   4.000	   4.333	   4.667	   5.000	   5.333	   5.667	   6.000	   6.333	   6.667	   7.000	   7.333	   7.667	   8.000
f(xi):	-770.000	-680.296	-597.037	-520.000	-448.963	-383.704	-324.000	-269.630	-220.370	-176.000	-136.296	-101.037	 -70.000	 -42.963	 -19.704	   0.000	  16.370	  29.630	  40.000	  47.704	  52.963	  56.000	  57.037	  56.296	  54.000	  50.370	  45.630	  40.000	  33.704	  26.963	  20.000	  13.037	   6.296	  -0.000	  -5.630	 -10.370	 -14.000	 -16.296	 -17.037	 -16.000	 -12.963	  -7.704	   0.000	  10.370	  23.630	  40.000	  59.704	  82.963	 110.000	 141.037	 176.296	 216.000	 260.370	 309.630	 364.000

l.p.: 13
xi:	 -11.000	 -10.667	 -10.333	 -10.000	  -9.667	  -9.333	  -9.000	  -8.667	  -8.333	  -8.000	  -7.667	  -7.333	  -7.000	  -6.667	  -6.333	  -6.000	  -5.667	  -5.333	  -5.000	  -4.667	  -4.333	  -4.000	  -3.667	  -3.333	  -3.000	  -2.667	  -2.333	  -2.000	  -1.667	  -1.333	  -1.000	  -0.667	  -0.333	   0.000	   0.333	   0.667	   1.000	   1.333	   1.667	   2.000	   2.333	   2.667	   3.000	   3.333	   3.667	   4.000	   4.333	   4.667	   5.000	   5.333	   5.667	   6.000	   6.333	   6.667	   7.000
f(xi):	-880.000	-779.852	-686.593	-600.000	-519.852	-445.926	-378.000	-315.852	-259.259	-208.000	-161.852	-120.593	 -84.000	 -51.852	 -23.926	   0.000	  20.148	  36.741	  50.000	  60.148	  67.407	  72.000	  74.148	  74.074	  72.000	  68.148	  62.741	  56.000	  48.148	  39.407	  30.000	  20.148	  10.074	  -0.000	  -9.852	 -19.259	 -28.000	 -35.852	 -42.593	 -48.000	 -51.852	 -53.926	 -54.000	 -51.852	 -47.259	 -40.000	 -29.852	 -16.593	   0.000	  20.148	  44.074	  72.000	 104.148	 140.741	 182.000

l.p.: 14
xi:	 -10.000	  -9.667	  -9.333	  -9.000	  -8.667	  -8.333	  -8.000	  -7.667	  -7.333	  -7.000	  -6.667	  -6.333	  -6.000	  -5.667	  -5.333	  -5.000	  -4.667	  -4.333	  -4.000	  -3.667	  -3.333	  -3.000	  -2.667	  -2.333	  -2.000	  -1.667	  -1.333	  -1.000	  -0.667	  -0.333	   0.000	   0.333	   0.667	   1.000	   1.333	   1.667	   2.000	   2.333	   2.667	   3.000	   3.333	   3.667	   4.000	   4.333	   4.667	   5.000	   5.333	   5.667	   6.000	   6.333	   6.667	   7.000
f(xi):	-1248.000	-1132.963	-1025.037	-924.000	-829.630	-741.704	-660.000	-584.296	-514.370	-450.000	-390.963	-337.037	-288.000	-243.630	-203.704	-168.000	-136.296	-108.370	 -84.000	 -62.963	 -45.037	 -30.000	 -17.630	  -7.704	   0.000	   5.704	   9.630	  12.000	  13.037	  12.963	  12.000	  10.370	   8.296	   6.000	   3.704	   1.630	  -0.000	  -0.963	  -1.037	   0.000	   2.370	   6.296	  12.000	  19.704	  29.630	  42.000	  57.037	  74.963	  96.000	 120.370	 148.296	 180.000

l.p.: 15
xi:	  -9.000	  -8.667	  -8.333	  -8.000	  -7.667	  -7.333	  -7.000	  -6.667	  -6.333	  -6.000	  -5.667	  -5.333	  -5.000	  -4.667	  -4.333	  -4.000	  -3.667	  -3.333	  -3.000	  -2.667	  -2.333	  -2.000	  -1.667	  -1.333	  -1.000	  -0.667	  -0.333	   0.000	   0.333	   0.667	   1.000	   1.333	   1.667	   2.000	   2.333	   2.667	   3.000	   3.333	   3.667	   4.000	   4.333	   4.667	   5.000	   5.333	   5.667	   6.000	   6.333	   6.667	   7.000	   7.333	   7.667	   8.000	   8.333	   8.667	   9.000	   9.333	   9.667	  10.000
f(xi):	-720.000	-642.296	-570.370	-504.000	-442.963	-387.037	-336.000	-289.630	-247.704	-210.000	-176.296	-146.370	-120.000	 -96.963	 -77.037	 -60.000	 -45.630	 -33.704	 -24.000	 -16.296	 -10.370	  -6.000	  -2.963	  -1.037	   0.000	   0.370	   0.296	  -0.000	  -0.296	  -0.370	   0.000	   1.037	   2.963	   6.000	  10.370	  16.296	  24.000	  33.704	  45.630	  60.000	  77.037	  96.963	 120.000	 146.370	 176.296	 210.000	 247.704	 289.630	 336.000	 387.037	 442.963	 504.000	 570.370	 642.296	 720.000	 803.704	 893.630	 990.000

l.p.: 16
xi:	  -9.000	  -8.667	  -8.333	  -8.000	  -7.667	  -7.333	  -7.000	  -6.667	  -6.333	  -6.000	  -5.667	  -5.333	  -5.000	  -4.667	  -4.333	  -4.000	  -3.667	  -3.333	  -3.000	  -2.667	  -2.333	  -2.000	  -1.667	  -1.333	  -1.000	  -0.667	  -0.333	   0.000	   0.333	   0.667	   1.000	   1.333	   1.667	   2.000	   2.333	   2.667	   3.000	   3.333	   3.667	   4.000	   4.333	   4.667	   5.000	   5.333	   5.667	   6.000	   6.333	   6.667	   7.000
f(xi):	-154.000	 -97.185	 -45.926	   0.000	  40.815	  76.741	 108.000	 134.815	 157.407	 176.000	 190.815	 202.074	 210.000	 214.815	 216.741	 216.000	 212.815	 207.407	 200.000	 190.815	 180.074	 168.000	 154.815	 140.741	 126.000	 110.815	  95.407	  80.000	  64.815	  50.074	  36.000	  22.815	  10.741	  -0.000	  -9.185	 -16.593	 -22.000	 -25.185	 -25.926	 -24.000	 -19.185	 -11.259	   0.000	  14.815	  33.407	  56.000	  82.815	 114.074	 150.000

l.p.: 17
xi:	 -10.000	  -9.667	  -9.333	  -9.000	  -8.667	  -8.333	  -8.000	  -7.667	  -7.333	  -7.000	  -6.667	  -6.333	  -6.000	  -5.667	  -5.333	  -5.000	  -4.667	  -4.333	  -4.000	  -3.667	  -3.333	  -3.000	  -2.667	  -2.333	  -2.000	  -1.667	  -1.333	  -1.000	  -0.667	  -0.333	   0.000	   0.333	   0.667	   1.000	   1.333	   1.667	   2.000	   2.333	   2.667	   3.000	   3.333	   3.667	   4.000	   4.333	   4.667	   5.000	   5.333	   5.667	   6.000	   6.333	   6.667	   7.000	   7.333	   7.667	   8.000	   8.333	   8.667	   9.000
f(xi):	-720.000	-627.407	-541.481	-462.000	-388.741	-321.481	-260.000	-204.074	-153.481	-108.000	 -67.407	 -31.481	   0.000	  27.259	  50.519	  70.000	  85.926	  98.519	 108.000	 114.593	 118.519	 120.000	 119.259	 116.519	 112.000	 105.926	  98.519	  90.000	  80.593	  70.519	  60.000	  49.259	  38.519	  28.000	  17.926	   8.519	  -0.000	  -7.407	 -13.481	 -18.000	 -20.741	 -21.481	 -20.000	 -16.074	  -9.481	   0.000	  12.593	  28.519	  48.000	  71.259	  98.519	 130.000	 165.926	 206.519	 252.000	 302.593	 358.519	 420.000

l.p.: 18
xi:	 -10.000	  -9.667	  -9.333	  -9.000	  -8.667	  -8.333	  -8.000	  -7.667	  -7.333	  -7.000	  -6.667	  -6.333	  -6.000	  -5.667	  -5.333	  -5.000	  -4.667	  -4.333	  -4.000	  -3.667	  -3.333	  -3.000	  -2.667	  -2.333	  -2.000	  -1.667	  -1.333	  -1.000	  -0.667	  -0.333	   0.000	   0.333	   0.667	   1.000	   1.333	   1.667	   2.000	   2.333	   2.667	   3.000	   3.333	   3.667	   4.000	   4.333	   4.667	   5.000	   5.333	   5.667	   6.000	   6.333	   6.667	   7.000	   7.333	   7.667	   8.000	   8.333	   8.667	   9.000
f(xi):	-357.000	-296.296	-241.370	-192.000	-147.963	-109.037	 -75.000	 -45.630	 -20.704	   0.000	  16.704	  29.630	  39.000	  45.037	  47.963	  48.000	  45.370	  40.296	  33.000	  23.704	  12.630	  -0.000	 -13.963	 -29.037	 -45.000	 -61.630	 -78.704	 -96.000	-113.296	-130.370	-147.000	-162.963	-178.037	-192.000	-204.630	-215.704	-225.000	-232.296	-237.370	-240.000	-239.963	-237.037	-231.000	-221.630	-208.704	-192.000	-171.296	-146.370	-117.000	 -82.963	 -44.037	   0.000	  49.370	 104.296	 165.000	 231.704	 304.630	 384.000

l.p.: 19
xi:	 -10.000	  -9.667	  -9.333	  -9.000	  -8.667	  -8.333	  -8.000	  -7.667	  -7.333	  -7.000	  -6.667	  -6.333	  -6.000	  -5.667	  -5.333	  -5.000	  -4.667	  -4.333	  -4.000	  -3.667	  -3.333	  -3.000	  -2.667	  -2.333	  -2.000	  -1.667	  -1.333	  -1.000	  -0.667	  -0.333	   0.000	   0.333	   0.667	   1.000	   1.333	   1.667	   2.000	   2.333	   2.667	   3.000	   3.333	   3.667	   4.000	   4.333	   4.667	   5.000	   5.333	   5.667	   6.000	   6.333	   6.667	   7.000	   7.333	   7.667	   8.000
f(xi):	-660.000	-580.741	-507.481	-440.000	-378.074	-321.481	-270.000	-223.407	-181.481	-144.000	-110.741	 -81.481	 -56.000	 -34.074	 -15.481	   0.000	  12.593	  22.519	  30.000	  35.259	  38.519	  40.000	  39.926	  38.519	  36.000	  32.593	  28.519	  24.000	  19.259	  14.519	  10.000	   5.926	   2.519	  -0.000	  -1.407	  -1.481	   0.000	   3.259	   8.519	  16.000	  25.926	  38.519	  54.000	  72.593	  94.519	 120.000	 149.259	 182.519	 220.000	 261.926	 308.519	 360.000	 416.593	 478.519	 546.000

l.p.: 20
xi:	  -7.000	  -6.667	  -6.333	  -6.000	  -5.667	  -5.333	  -5.000	  -4.667	  -4.333	  -4.000	  -3.667	  -3.333	  -3.000	  -2.667	  -2.333	  -2.000	  -1.667	  -1.333	  -1.000	  -0.667	  -0.333	   0.000	   0.333	   0.667	   1.000	   1.333	   1.667	   2.000	   2.333	   2.667	   3.000	   3.333	   3.667	   4.000	   4.333	   4.667	   5.000	   5.333	   5.667	   6.000	   6.333	   6.667	   7.000
f(xi):	-150.000	-120.296	 -94.370	 -72.000	 -52.963	 -37.037	 -24.000	 -13.630	  -5.704	   0.000	   3.704	   5.630	   6.000	   5.037	   2.963	  -0.000	  -3.630	  -7.704	 -12.000	 -16.296	 -20.370	 -24.000	 -26.963	 -29.037	 -30.000	 -29.630	 -27.704	 -24.000	 -18.296	 -10.370	   0.000	  13.037	  28.963	  48.000	  70.370	  96.296	 126.000	 159.704	 197.630	 240.000	 287.037	 338.963	 396.000

